camera_matrix:
  cols: 3
  data: [842.837, 0.0, 725.322, 0.0, 842.837, 583.342, 0.0, 0.0, 1.0]
  rows: 3
camera_name: cam_1
distortion_coefficients:
  cols: 4
  data: [-0.0144729, -0.00145467, -0.000708536, -0.0008792]
  rows: 1
distortion_model: equidistant
image_height: 1080
image_width: 1440
projection_matrix:
  cols: 4
  data: [842.837, 0.0, 725.322, 0.0, 0.0, 842.837, 583.342, 0.0, 0.0, 0.0, 1.0, 0.0]
  rows: 3
rectification_matrix:
  cols: 3
  data: [1.0, 0.0, 0.0, 0.0, 1.0, 0.0, 0.0, 0.0, 1.0]
  rows: 3
