cam0:
  rectification_matrix:
  - [ 0.99982130562,  0.00486396007, -0.01826742253] 
  - [-0.00497244833,  0.99997024270, -0.00589817500] 
  - [ 0.01823819045,  0.00598795485,  0.99981573943] 
  projection_matrix:
  - [719.43698684028,  0.00000000000, 760.96598619692,  0.00000000000] 
  - [ 0.00000000000, 719.43698684028, 572.33647513305,  0.00000000000] 
  - [ 0.00000000000,  0.00000000000,  1.00000000000,  0.00000000000] 
  camera_model: pinhole
  intrinsics: [842.771, 842.797, 753.744, 547.842]
  distortion_model: equidistant
  distortion_coeffs: [-0.0107323, -0.0097286, 0.0064405, -0.00265166]
  resolution: [1440, 1080]
  rostopic: /cam_0/synced/image_raw
cam1:
  T_cn_cnm1:
  - [ 0.99980550733,  0.00228987318, -0.01958836350, -0.18902488394] 
  - [-0.00252307560,  0.99992614333, -0.01188873315, -0.00048355654] 
  - [ 0.01955969307,  0.01193584380,  0.99973744255, -0.00025549208] 
  - [ 0.00000000000,  0.00000000000,  0.00000000000,  1.00000000000] 
  rectification_matrix:
  - [ 0.99999581447,  0.00255815271,  0.00135162635] 
  - [-0.00256614070,  0.99997905592,  0.00594160243] 
  - [-0.00133639852, -0.00594504602,  0.99998143506] 
  projection_matrix:
  - [719.43698684028,  0.00000000000, 760.96598619692, -135.99205968385] 
  - [ 0.00000000000, 719.43698684028, 572.33647513305,  0.00000000000] 
  - [ 0.00000000000,  0.00000000000,  1.00000000000,  0.00000000000] 
  camera_model: pinhole
  intrinsics: [842.837, 842.837, 725.322, 583.342]
  distortion_model: equidistant
  distortion_coeffs: [-0.0144729, -0.00145467, -0.000708536, -0.0008792]
  resolution: [1440, 1080]
  rostopic: /cam_1/synced/image_raw
